% Bradley Grose Section 4
% 10/20/2021

A = [1, -1, 7, 1; 0, 6, -3, 3; -7, -7, -7, 4; -9, 6, 0, -1;]

A =

     1    -1     7     1
     0     6    -3     3
    -7    -7    -7     4
    -9     6     0    -1

grams(A)

ans =

    0.0874   -0.0865    0.7714    0.6243
         0    0.5438   -0.4903    0.6811
   -0.6116   -0.6635   -0.2742    0.3324
   -0.7863    0.5065    0.2990   -0.1892

ans * ans'

ans =

    1.0000   -0.0000   -0.0000    0.0000
   -0.0000    1.0000    0.0000   -0.0000
   -0.0000    0.0000    1.0000   -0.0000
    0.0000   -0.0000   -0.0000    1.0000

% Proved correct
diary off
