P = [.1,.2,.3,.15,.25;
    .05,.35,.1,.4,.1;
    0,0,.35,.55,.1;
    .25,.25,.25,.25,0;
    .33,.32,0,0,.35]